 mass              =   50.000000000000000     
 lum               =   958907.89081498981
 gamma_base        =  0.50000000000000000
 mdot, vinf        =   9.9999999999999995E-007   2000.0000000000000
 r_uppperb         =   20.000000000000000
 r_lowerb          =   19.370383317782409
 log g_eff(r_up)   =   3.2337168376490162
 log g(r_up)       =   3.5347468333129974
 log g(r_low)      =   3.5625303946482152
 Tg0=Tr0           =   34051.207796012553
 T_lowerb          =   119065.43352445126
 Teff(upperb)      =   40376.695884813715
 hp(upb)           =   2.2952489207999629E-003
 hp(lowb)          =   6.5553054379990068E-003
 mu                =  0.60869565217391308
 kap0              =  0.34072244261691215
 tau0              =   7.7770504420884195E-003
 tau_max           =   100.15605570876393
